1,1,473.671142578125,152.31149291992188,133.0540771484375,220.85772705078125,-1,-1,-1,-1
2,1,468.84637451171875,151.0310821533203,122.79486083984375,228.1211395263672,-1,-1,-1,-1
3,1,467.8995361328125,151.65065002441406,117.18084716796875,230.01075744628906,-1,-1,-1,-1
4,1,468.68511962890625,153.52027893066406,114.6619873046875,227.6489715576172,-1,-1,-1,-1
5,1,459.6680908203125,139.24502563476562,113.52435302734375,242.9390869140625,-1,-1,-1,-1
6,1,451.1881408691406,145.61692810058594,122.17355346679688,236.92811584472656,-1,-1,-1,-1
7,1,449.0613708496094,155.43350219726562,118.73690795898438,226.31280517578125,-1,-1,-1,-1
8,1,439.142578125,134.4923095703125,143.64642333984375,250.677978515625,-1,-1,-1,-1
9,1,441.6858825683594,153.9269256591797,141.72781372070312,225.3456573486328,-1,-1,-1,-1
10,1,441.69720458984375,154.04937744140625,142.42938232421875,224.59722900390625,-1,-1,-1,-1
11,1,438.2695617675781,154.25152587890625,141.53341674804688,228.2349853515625,-1,-1,-1,-1
12,1,431.5624084472656,154.44900512695312,140.77774047851562,219.32168579101562,-1,-1,-1,-1
13,1,430.0521240234375,153.31210327148438,122.8333740234375,217.2960205078125,-1,-1,-1,-1
14,1,431.2979736328125,151.401123046875,115.88897705078125,227.01898193359375,-1,-1,-1,-1
15,1,420.52117919921875,148.9937744140625,118.77996826171875,233.59481811523438,-1,-1,-1,-1
16,1,422.0182189941406,148.57952880859375,116.47433471679688,234.0404052734375,-1,-1,-1,-1
17,1,424.28643798828125,149.00775146484375,124.84295654296875,236.51852416992188,-1,-1,-1,-1
18,1,427.2308044433594,172.71719360351562,120.35281372070312,208.15042114257812,-1,-1,-1,-1
19,1,420.41217041015625,158.49124145507812,127.1529541015625,228.80349731445312,-1,-1,-1,-1
20,1,411.8291931152344,151.22711181640625,137.95407104492188,229.66015625,-1,-1,-1,-1
21,1,412.12188720703125,150.64382934570312,135.5306396484375,224.67718505859375,-1,-1,-1,-1
22,1,411.73004150390625,150.14247131347656,137.80078125,224.67076110839844,-1,-1,-1,-1
23,1,411.75823974609375,148.8279266357422,121.91558837890625,226.80918884277344,-1,-1,-1,-1
24,1,411.711669921875,148.8131561279297,108.710205078125,218.7340850830078,-1,-1,-1,-1
25,1,407.0194091796875,147.9968719482422,106.68075561523438,221.1863555908203,-1,-1,-1,-1
26,1,397.34625244140625,146.97158813476562,99.6968994140625,220.44277954101562,-1,-1,-1,-1
27,1,383.56646728515625,146.36106872558594,104.47555541992188,226.0446014404297,-1,-1,-1,-1
28,1,383.4684143066406,146.2694549560547,104.66647338867188,225.7524871826172,-1,-1,-1,-1
29,1,372.39154052734375,145.81546020507812,106.79977416992188,218.09677124023438,-1,-1,-1,-1
30,1,367.1963195800781,146.34353637695312,108.97677612304688,238.80316162109375,-1,-1,-1,-1
31,1,366.5128479003906,148.28753662109375,108.99063110351562,243.58193969726562,-1,-1,-1,-1
32,1,376.590576171875,150.2855224609375,97.98077392578125,242.1890869140625,-1,-1,-1,-1
33,1,371.70849609375,152.07131958007812,87.04339599609375,234.2515869140625,-1,-1,-1,-1
34,1,372.5118103027344,152.20407104492188,84.6636962890625,233.49383544921875,-1,-1,-1,-1
35,1,374.26763916015625,155.2899932861328,75.60052490234375,214.6512908935547,-1,-1,-1,-1
36,1,373.0755615234375,157.53965759277344,80.13278198242188,221.6530303955078,-1,-1,-1,-1
37,1,370.07586669921875,158.12660217285156,102.37005615234375,223.0690460205078,-1,-1,-1,-1
38,1,365.2309875488281,158.5081024169922,103.626953125,236.0395050048828,-1,-1,-1,-1
39,1,360.27850341796875,158.81166076660156,108.33175659179688,237.8072967529297,-1,-1,-1,-1
40,1,359.8403015136719,158.71109008789062,109.23553466796875,238.12088012695312,-1,-1,-1,-1
41,1,353.15972900390625,158.47117614746094,112.8057861328125,237.6599884033203,-1,-1,-1,-1
42,1,351.17633056640625,159.6223907470703,102.4154052734375,232.74815368652344,-1,-1,-1,-1
43,1,351.3219299316406,159.60812377929688,101.03982543945312,233.98019409179688,-1,-1,-1,-1
44,1,349.00390625,161.48179626464844,100.08721923828125,234.1305694580078,-1,-1,-1,-1
45,1,346.4460144042969,161.98233032226562,99.5736083984375,235.29568481445312,-1,-1,-1,-1
46,1,346.72515869140625,161.99456787109375,98.97036743164062,235.33609008789062,-1,-1,-1,-1
47,1,344.8961181640625,162.53604125976562,99.7078857421875,236.59414672851562,-1,-1,-1,-1
48,1,342.65191650390625,162.64097595214844,100.13772583007812,233.36875915527344,-1,-1,-1,-1
49,1,339.15557861328125,162.6819610595703,110.34976196289062,223.84251403808594,-1,-1,-1,-1
50,1,332.1519775390625,161.81707763671875,119.94317626953125,225.52392578125,-1,-1,-1,-1
51,1,331.65911865234375,162.1953125,117.22808837890625,207.80502319335938,-1,-1,-1,-1
52,1,332.01434326171875,162.11444091796875,114.44076538085938,205.09268188476562,-1,-1,-1,-1
53,1,328.235107421875,162.0115966796875,115.3890380859375,224.39926147460938,-1,-1,-1,-1
54,1,329.2525329589844,161.6734619140625,110.90728759765625,238.92196655273438,-1,-1,-1,-1
55,1,331.7333068847656,161.5563201904297,111.32095336914062,241.67054748535156,-1,-1,-1,-1
56,1,327.3499755859375,163.85455322265625,100.78219604492188,237.0400390625,-1,-1,-1,-1
57,1,324.2723388671875,165.444091796875,99.220947265625,239.55743408203125,-1,-1,-1,-1
58,1,324.04876708984375,165.43470764160156,100.26187133789062,239.7668914794922,-1,-1,-1,-1
59,1,319.4408264160156,166.57168579101562,99.13754272460938,241.33551025390625,-1,-1,-1,-1
60,1,311.971435546875,170.07012939453125,95.81045532226562,236.77880859375,-1,-1,-1,-1
61,1,306.4434509277344,170.15235900878906,86.64010620117188,226.25364685058594,-1,-1,-1,-1
62,1,301.71173095703125,171.82052612304688,80.97689819335938,218.00967407226562,-1,-1,-1,-1
63,1,298.5228271484375,173.2043914794922,83.88116455078125,221.14747619628906,-1,-1,-1,-1
64,1,298.3089904785156,173.18118286132812,84.23223876953125,222.49981689453125,-1,-1,-1,-1
65,1,295.6618957519531,173.916259765625,86.39016723632812,230.32626342773438,-1,-1,-1,-1
66,1,296.62384033203125,174.88673400878906,91.23114013671875,236.92942810058594,-1,-1,-1,-1
67,1,293.3660888671875,175.73025512695312,105.44039916992188,236.37521362304688,-1,-1,-1,-1
68,1,297.7619323730469,176.66429138183594,101.24942016601562,235.0635223388672,-1,-1,-1,-1
69,1,286.29644775390625,174.91319274902344,106.89691162109375,237.54164123535156,-1,-1,-1,-1
70,1,286.25396728515625,174.5117645263672,106.50921630859375,238.0832061767578,-1,-1,-1,-1
71,1,281.6240234375,177.19778442382812,113.28057861328125,236.33541870117188,-1,-1,-1,-1
72,1,280.9913330078125,179.22427368164062,111.78302001953125,234.43551635742188,-1,-1,-1,-1
73,1,282.46453857421875,181.56546020507812,116.13433837890625,235.01470947265625,-1,-1,-1,-1
74,1,284.64849853515625,179.80563354492188,116.07513427734375,236.35186767578125,-1,-1,-1,-1
75,1,289.90313720703125,190.614501953125,109.65988159179688,225.69061279296875,-1,-1,-1,-1
76,1,289.92864990234375,195.51478576660156,109.53125,220.53675842285156,-1,-1,-1,-1
77,1,295.1302185058594,187.43753051757812,106.2921142578125,230.72525024414062,-1,-1,-1,-1
78,1,294.72576904296875,182.54884338378906,100.38577270507812,236.75111389160156,-1,-1,-1,-1
79,1,296.7074279785156,183.29443359375,96.37744140625,236.86276245117188,-1,-1,-1,-1
80,1,293.59674072265625,182.9816131591797,95.085693359375,238.63710021972656,-1,-1,-1,-1
81,1,290.1231994628906,183.7676544189453,91.07492065429688,236.61866760253906,-1,-1,-1,-1
82,1,290.3928527832031,183.70806884765625,90.62472534179688,236.70401000976562,-1,-1,-1,-1
83,1,290.13055419921875,185.3054962158203,87.7791748046875,235.1457977294922,-1,-1,-1,-1
84,1,287.252197265625,188.54537963867188,91.76531982421875,232.01303100585938,-1,-1,-1,-1
85,1,284.8039855957031,188.92559814453125,97.78167724609375,223.22698974609375,-1,-1,-1,-1
86,1,285.0240173339844,188.24789428710938,102.07376098632812,224.56918334960938,-1,-1,-1,-1
87,1,283.81500244140625,191.4078369140625,103.85470581054688,224.33001708984375,-1,-1,-1,-1
88,1,283.535400390625,191.89315795898438,104.6029052734375,223.2041015625,-1,-1,-1,-1
89,1,285.1726379394531,192.2593536376953,103.79409790039062,232.23207092285156,-1,-1,-1,-1
90,1,287.4979248046875,194.25367736816406,101.29818725585938,234.45289611816406,-1,-1,-1,-1
91,1,292.3039855957031,196.51174926757812,96.47067260742188,228.82293701171875,-1,-1,-1,-1
92,1,301.5032653808594,204.23916625976562,94.69537353515625,219.51171875,-1,-1,-1,-1
93,1,308.2837219238281,215.86257934570312,100.24871826171875,205.90484619140625,-1,-1,-1,-1
94,1,308.1410827636719,216.1121368408203,100.83633422851562,206.26979064941406,-1,-1,-1,-1
95,1,314.0819091796875,206.35154724121094,104.18572998046875,223.0976104736328,-1,-1,-1,-1
96,1,323.89129638671875,206.66046142578125,95.26171875,221.64932250976562,-1,-1,-1,-1
97,1,330.427001953125,203.7493438720703,94.04449462890625,227.2645721435547,-1,-1,-1,-1
98,1,354.9330749511719,206.56973266601562,98.91830444335938,220.82257080078125,-1,-1,-1,-1
1,2,610.8082885742188,114.98236846923828,102.39227294921875,276.5085144042969,-1,-1,-1,-1
2,2,602.91357421875,112.76216888427734,112.5146484375,275.3204345703125,-1,-1,-1,-1
3,2,597.293701171875,108.77851104736328,129.3812255859375,281.8343200683594,-1,-1,-1,-1
1,3,567.16748046875,115.88526916503906,143.5870361328125,277.031005859375,-1,-1,-1,-1
2,3,569.0634765625,112.19688415527344,134.80059814453125,282.68902587890625,-1,-1,-1,-1
3,3,586.7525024414062,107.89633178710938,133.67108154296875,285.5480041503906,-1,-1,-1,-1
4,3,585.2920532226562,107.69091796875,136.4168701171875,286.00396728515625,-1,-1,-1,-1
5,3,577.6930541992188,102.25480651855469,135.82598876953125,300.112548828125,-1,-1,-1,-1
6,3,556.3838500976562,98.4916763305664,149.7186279296875,316.9543762207031,-1,-1,-1,-1
7,3,552.4124145507812,96.32483673095703,144.59722900390625,320.32562255859375,-1,-1,-1,-1
8,3,560.1776123046875,96.1422348022461,134.46527099609375,298.665283203125,-1,-1,-1,-1
9,3,547.6799926757812,95.67314910888672,149.677978515625,322.62774658203125,-1,-1,-1,-1
10,3,545.8016967773438,96.04443359375,152.09771728515625,322.4548645019531,-1,-1,-1,-1
11,3,537.9083862304688,97.30272674560547,177.07916259765625,324.9832458496094,-1,-1,-1,-1
12,3,538.0441284179688,100.41507720947266,179.57904052734375,301.1011657714844,-1,-1,-1,-1
13,3,544.9382934570312,102.4202880859375,170.36846923828125,290.1716613769531,-1,-1,-1,-1
14,3,552.7379150390625,104.08521270751953,160.61553955078125,308.79376220703125,-1,-1,-1,-1
15,3,548.5133666992188,105.8172378540039,156.876220703125,320.0860900878906,-1,-1,-1,-1
16,3,548.5053100585938,105.79906463623047,157.22265625,320.1942138671875,-1,-1,-1,-1
17,3,537.8709106445312,110.18289947509766,161.7530517578125,288.0107421875,-1,-1,-1,-1
18,3,542.047607421875,111.79830169677734,160.70587158203125,275.2725830078125,-1,-1,-1,-1
19,3,541.920654296875,113.2568130493164,165.131103515625,295.6376037597656,-1,-1,-1,-1
20,3,545.244384765625,112.8462142944336,161.41534423828125,290.9225158691406,-1,-1,-1,-1
21,3,536.295166015625,110.75382232666016,166.2545166015625,287.4009094238281,-1,-1,-1,-1
22,3,536.1746826171875,110.71620178222656,166.41827392578125,287.3062744140625,-1,-1,-1,-1
23,3,533.2494506835938,118.13573455810547,160.29583740234375,286.3153381347656,-1,-1,-1,-1
24,3,524.7239990234375,116.32440185546875,161.43609619140625,281.37261962890625,-1,-1,-1,-1
25,3,521.0139770507812,115.1864013671875,160.48150634765625,289.4566955566406,-1,-1,-1,-1
26,3,516.609619140625,120.28163146972656,146.240234375,281.5533447265625,-1,-1,-1,-1
27,3,513.6854858398438,118.68955993652344,140.31988525390625,288.6658935546875,-1,-1,-1,-1
28,3,513.763916015625,118.12062072753906,139.98870849609375,291.426513671875,-1,-1,-1,-1
29,3,522.0613403320312,121.064453125,135.394287109375,286.77471923828125,-1,-1,-1,-1
30,3,489.7281799316406,114.57608032226562,162.97744750976562,328.3829345703125,-1,-1,-1,-1
31,3,463.65899658203125,114.3788833618164,188.39227294921875,332.1808166503906,-1,-1,-1,-1
32,3,459.4646301269531,117.47119140625,184.39907836914062,330.4690246582031,-1,-1,-1,-1
33,3,459.91680908203125,111.08147430419922,185.13916015625,339.4176330566406,-1,-1,-1,-1
34,3,459.8077087402344,110.82820129394531,185.35995483398438,339.88641357421875,-1,-1,-1,-1
35,3,469.10430908203125,126.78788757324219,178.92205810546875,324.9244384765625,-1,-1,-1,-1
36,3,495.19097900390625,125.94818878173828,157.14935302734375,299.86187744140625,-1,-1,-1,-1
37,3,486.7095947265625,127.00978088378906,161.2681884765625,308.29541015625,-1,-1,-1,-1
38,3,457.67498779296875,126.26412963867188,181.4483642578125,330.1259765625,-1,-1,-1,-1
39,3,458.4728698730469,123.295166015625,165.96817016601562,328.7660827636719,-1,-1,-1,-1
40,3,456.39617919921875,128.0245590209961,166.12603759765625,322.3091735839844,-1,-1,-1,-1
41,3,464.909912109375,119.84693145751953,178.90374755859375,334.5,-1,-1,-1,-1
42,3,466.6083679199219,118.41329193115234,194.25515747070312,337.1112976074219,-1,-1,-1,-1
43,3,476.85247802734375,118.48892211914062,182.08758544921875,330.43988037109375,-1,-1,-1,-1
44,3,479.8844299316406,120.76760864257812,168.74221801757812,315.0810241699219,-1,-1,-1,-1
45,3,480.60540771484375,122.63396453857422,196.31005859375,330.2110595703125,-1,-1,-1,-1
46,3,479.2467041015625,122.91287994384766,199.568603515625,331.5368957519531,-1,-1,-1,-1
47,3,478.63092041015625,126.57518768310547,200.75335693359375,325.8948059082031,-1,-1,-1,-1
48,3,478.74627685546875,134.05393981933594,193.8720703125,322.99444580078125,-1,-1,-1,-1
49,3,481.8522033691406,139.541259765625,181.28738403320312,298.1640625,-1,-1,-1,-1
50,3,474.953857421875,141.78892517089844,189.24774169921875,296.84619140625,-1,-1,-1,-1
51,3,472.4229736328125,142.64825439453125,188.5003662109375,290.9683532714844,-1,-1,-1,-1
52,3,472.22900390625,142.78407287597656,188.8392333984375,290.7762451171875,-1,-1,-1,-1
53,3,468.369140625,142.08773803710938,192.55181884765625,294.38604736328125,-1,-1,-1,-1
54,3,469.4149475097656,140.99644470214844,187.71389770507812,298.5262451171875,-1,-1,-1,-1
55,3,466.2006530761719,137.07537841796875,189.99118041992188,295.5057373046875,-1,-1,-1,-1
56,3,463.9112243652344,135.3087615966797,190.77297973632812,317.5313720703125,-1,-1,-1,-1
57,3,466.9130554199219,134.99835205078125,179.97396850585938,314.4804992675781,-1,-1,-1,-1
58,3,467.8428955078125,134.86582946777344,178.74420166015625,314.50860595703125,-1,-1,-1,-1
59,3,461.9130859375,137.39205932617188,158.4154052734375,303.70147705078125,-1,-1,-1,-1
60,3,454.7551574707031,135.7102508544922,157.57589721679688,321.401123046875,-1,-1,-1,-1
61,3,459.7195129394531,140.33360290527344,135.19790649414062,263.39044189453125,-1,-1,-1,-1
62,3,464.9295959472656,140.82286071777344,123.78378295898438,261.71832275390625,-1,-1,-1,-1
63,3,462.3834228515625,140.3976593017578,119.174072265625,265.30859375,-1,-1,-1,-1
64,3,462.723388671875,140.298095703125,118.5816650390625,268.2803649902344,-1,-1,-1,-1
65,3,444.0785827636719,139.83094787597656,136.63455200195312,284.54754638671875,-1,-1,-1,-1
66,3,438.3219299316406,140.6154327392578,141.61459350585938,306.3096923828125,-1,-1,-1,-1
67,3,429.56011962890625,141.43435668945312,148.87054443359375,316.7098693847656,-1,-1,-1,-1
68,3,424.50439453125,142.7823944091797,149.2034912109375,316.1534423828125,-1,-1,-1,-1
69,3,416.1288146972656,144.3769073486328,157.11087036132812,317.78900146484375,-1,-1,-1,-1
70,3,415.77203369140625,144.5544891357422,158.56964111328125,317.620849609375,-1,-1,-1,-1
71,3,406.9455871582031,145.3612060546875,158.71286010742188,317.68487548828125,-1,-1,-1,-1
72,3,413.5577087402344,146.06248474121094,153.48831176757812,296.0426025390625,-1,-1,-1,-1
73,3,404.25830078125,143.1666259765625,162.2611083984375,301.2480773925781,-1,-1,-1,-1
74,3,394.92840576171875,142.37953186035156,165.6590576171875,319.7882080078125,-1,-1,-1,-1
75,3,382.0847473144531,141.76275634765625,174.94668579101562,323.0040283203125,-1,-1,-1,-1
76,3,381.3633117675781,141.66464233398438,176.04800415039062,323.23870849609375,-1,-1,-1,-1
77,3,377.6180419921875,138.9590301513672,173.101806640625,326.0115966796875,-1,-1,-1,-1
78,3,381.6605529785156,138.86688232421875,157.53921508789062,328.73931884765625,-1,-1,-1,-1
79,3,387.0360107421875,139.07579040527344,150.4847412109375,331.0953369140625,-1,-1,-1,-1
80,3,404.08526611328125,139.19410705566406,132.96563720703125,328.00726318359375,-1,-1,-1,-1
81,3,412.60113525390625,140.1393280029297,120.75372314453125,329.6092529296875,-1,-1,-1,-1
82,3,412.2545166015625,140.12802124023438,121.126953125,323.472900390625,-1,-1,-1,-1
83,3,421.6429443359375,141.1884307861328,111.31829833984375,328.19000244140625,-1,-1,-1,-1
84,3,430.38555908203125,141.7887725830078,101.8128662109375,333.3016357421875,-1,-1,-1,-1
85,3,427.00860595703125,142.49459838867188,108.46417236328125,336.4776916503906,-1,-1,-1,-1
86,3,425.7828369140625,142.70494079589844,118.40081787109375,331.192626953125,-1,-1,-1,-1
87,3,426.1080322265625,144.8737335205078,121.225341796875,311.49786376953125,-1,-1,-1,-1
88,3,425.83172607421875,144.87783813476562,121.75396728515625,308.66754150390625,-1,-1,-1,-1
89,3,430.54412841796875,147.96546936035156,124.12542724609375,302.8765869140625,-1,-1,-1,-1
90,3,416.9156494140625,150.53221130371094,151.82745361328125,289.39117431640625,-1,-1,-1,-1
91,3,405.2245788574219,156.7831573486328,179.70120239257812,292.52947998046875,-1,-1,-1,-1
92,3,396.76727294921875,161.7720947265625,208.13665771484375,287.94635009765625,-1,-1,-1,-1
93,3,395.2652893066406,167.41319274902344,253.77114868164062,325.49432373046875,-1,-1,-1,-1
94,3,394.3641052246094,167.85980224609375,255.55374145507812,325.4496154785156,-1,-1,-1,-1
95,3,389.4875793457031,173.07894897460938,265.3310241699219,321.7240905761719,-1,-1,-1,-1
96,3,401.05682373046875,179.9309539794922,251.89373779296875,317.090576171875,-1,-1,-1,-1
97,3,391.71612548828125,182.70529174804688,269.714111328125,305.877197265625,-1,-1,-1,-1
98,3,393.4954833984375,184.9561767578125,259.49212646484375,313.19293212890625,-1,-1,-1,-1
1,4,638.4573974609375,106.86805725097656,168.22491455078125,322.115478515625,-1,-1,-1,-1
2,4,634.4497680664062,108.14712524414062,173.53814697265625,325.8106994628906,-1,-1,-1,-1
3,4,648.42919921875,104.4898910522461,154.890869140625,295.1810607910156,-1,-1,-1,-1
4,4,647.7432250976562,104.38398742675781,155.49359130859375,291.59906005859375,-1,-1,-1,-1
5,4,649.4002685546875,102.75091552734375,151.8343505859375,315.68817138671875,-1,-1,-1,-1
6,4,646.1516723632812,115.04342651367188,146.692138671875,287.1591491699219,-1,-1,-1,-1
7,4,663.6002197265625,117.11597442626953,133.7744140625,293.2879943847656,-1,-1,-1,-1
8,4,669.2763671875,115.04443359375,124.45458984375,300.2403259277344,-1,-1,-1,-1
9,4,677.4278564453125,114.74077606201172,123.889404296875,315.53314208984375,-1,-1,-1,-1
10,4,677.9046020507812,114.7099838256836,123.17059326171875,316.05059814453125,-1,-1,-1,-1
11,4,681.9799194335938,114.7556381225586,123.91546630859375,314.7919921875,-1,-1,-1,-1
12,4,677.2066040039062,115.4471206665039,125.92218017578125,314.70086669921875,-1,-1,-1,-1
13,4,676.4261474609375,114.58130645751953,124.9005126953125,321.4404296875,-1,-1,-1,-1
14,4,672.7367553710938,113.64906311035156,129.27166748046875,321.96966552734375,-1,-1,-1,-1
15,4,665.929931640625,113.7662124633789,139.86676025390625,335.7897644042969,-1,-1,-1,-1
16,4,665.25,113.98458099365234,141.56353759765625,337.7688293457031,-1,-1,-1,-1
17,4,663.9369506835938,115.89380645751953,140.9268798828125,327.4968566894531,-1,-1,-1,-1
18,4,658.2369995117188,116.3770980834961,170.4000244140625,340.6274719238281,-1,-1,-1,-1
19,4,654.8662719726562,117.42534637451172,171.03765869140625,336.815185546875,-1,-1,-1,-1
20,4,650.3773193359375,118.75701904296875,169.2862548828125,343.4441223144531,-1,-1,-1,-1
21,4,651.3184814453125,118.63426208496094,164.998046875,332.18743896484375,-1,-1,-1,-1
22,4,650.3212280273438,118.66148376464844,166.6104736328125,330.92059326171875,-1,-1,-1,-1
23,4,643.3025512695312,119.96533966064453,168.77557373046875,337.7785949707031,-1,-1,-1,-1
24,4,648.1664428710938,121.72852325439453,163.58026123046875,296.06451416015625,-1,-1,-1,-1
25,4,639.5816650390625,117.89812469482422,181.004150390625,338.43310546875,-1,-1,-1,-1
26,4,647.27294921875,119.94845581054688,170.93121337890625,336.55438232421875,-1,-1,-1,-1
27,4,646.7103881835938,117.08116912841797,172.563232421875,350.4150695800781,-1,-1,-1,-1
28,4,646.450439453125,117.35389709472656,174.15948486328125,350.3096923828125,-1,-1,-1,-1
29,4,655.36181640625,117.31370544433594,169.56671142578125,350.59747314453125,-1,-1,-1,-1
30,4,663.5439453125,116.04232788085938,166.418212890625,353.26739501953125,-1,-1,-1,-1
31,4,677.4560546875,114.2300033569336,152.16790771484375,354.12347412109375,-1,-1,-1,-1
32,4,687.8389892578125,116.22469329833984,145.10186767578125,349.0152282714844,-1,-1,-1,-1
33,4,698.7813720703125,117.74268341064453,139.1915283203125,355.57135009765625,-1,-1,-1,-1
34,4,699.268798828125,117.70219421386719,138.2996826171875,355.928466796875,-1,-1,-1,-1
35,4,714.484130859375,116.21038055419922,126.82623291015625,322.57666015625,-1,-1,-1,-1
36,4,718.0901489257812,120.26158142089844,129.43170166015625,317.62744140625,-1,-1,-1,-1
37,4,719.383544921875,115.70965576171875,139.29241943359375,349.6087646484375,-1,-1,-1,-1
38,4,731.176025390625,116.44317626953125,131.57342529296875,358.0059814453125,-1,-1,-1,-1
39,4,738.7298583984375,119.00882720947266,128.42327880859375,356.35931396484375,-1,-1,-1,-1
40,4,738.7578125,119.09284210205078,128.5306396484375,356.3084716796875,-1,-1,-1,-1
41,4,745.27587890625,121.071533203125,122.0687255859375,353.4653015136719,-1,-1,-1,-1
42,4,751.2444458007812,123.84127807617188,114.19622802734375,352.2998962402344,-1,-1,-1,-1
43,4,756.1473999023438,124.72502136230469,109.20709228515625,344.20849609375,-1,-1,-1,-1
44,4,760.060791015625,131.27330017089844,109.405517578125,337.28546142578125,-1,-1,-1,-1
45,4,758.521728515625,130.4393768310547,113.13287353515625,332.05859375,-1,-1,-1,-1
46,4,758.4915771484375,130.195068359375,113.22857666015625,331.7646484375,-1,-1,-1,-1
47,4,761.4439697265625,130.68865966796875,114.53466796875,331.3835144042969,-1,-1,-1,-1
48,4,759.5294189453125,133.11778259277344,115.22320556640625,326.19610595703125,-1,-1,-1,-1
49,4,757.0287475585938,137.140869140625,128.7301025390625,346.58123779296875,-1,-1,-1,-1
50,4,755.0390014648438,138.47552490234375,134.22918701171875,337.1424560546875,-1,-1,-1,-1
51,4,751.8472290039062,138.22213745117188,144.03619384765625,348.479736328125,-1,-1,-1,-1
52,4,751.7488403320312,138.43162536621094,144.34423828125,348.40087890625,-1,-1,-1,-1
53,4,750.7188720703125,132.5673828125,156.59368896484375,355.403564453125,-1,-1,-1,-1
54,4,746.905029296875,132.22230529785156,164.3863525390625,356.0748291015625,-1,-1,-1,-1
55,4,742.9495239257812,137.82717895507812,174.16802978515625,350.7845764160156,-1,-1,-1,-1
56,4,738.824462890625,151.34249877929688,178.02056884765625,335.1587219238281,-1,-1,-1,-1
57,4,733.228759765625,151.43377685546875,183.59918212890625,335.9906005859375,-1,-1,-1,-1
58,4,733.1497192382812,150.84130859375,183.6793212890625,336.91162109375,-1,-1,-1,-1
59,4,723.238525390625,158.34054565429688,188.489501953125,321.8133850097656,-1,-1,-1,-1
60,4,710.80859375,161.62423706054688,195.68017578125,323.21160888671875,-1,-1,-1,-1
61,4,701.5953369140625,168.00196838378906,201.0543212890625,321.23162841796875,-1,-1,-1,-1
62,4,696.4631958007812,166.63177490234375,203.180908203125,323.2950439453125,-1,-1,-1,-1
63,4,693.283447265625,174.47344970703125,204.1993408203125,316.3045959472656,-1,-1,-1,-1
64,4,693.1094360351562,175.3622589111328,204.49334716796875,315.51214599609375,-1,-1,-1,-1
65,4,695.6556396484375,181.02867126464844,196.22808837890625,310.76617431640625,-1,-1,-1,-1
66,4,696.79296875,184.113037109375,201.12225341796875,308.90423583984375,-1,-1,-1,-1
67,4,709.7319946289062,183.72769165039062,197.16241455078125,299.2352600097656,-1,-1,-1,-1
68,4,716.36865234375,185.85018920898438,196.78662109375,308.3119812011719,-1,-1,-1,-1
69,4,731.1788330078125,187.11891174316406,191.2362060546875,306.3037109375,-1,-1,-1,-1
70,4,731.726318359375,187.09536743164062,190.4898681640625,306.3644714355469,-1,-1,-1,-1
71,4,751.1353759765625,186.06639099121094,171.58056640625,311.13201904296875,-1,-1,-1,-1
72,4,770.412353515625,186.7002716064453,156.69964599609375,306.497314453125,-1,-1,-1,-1
73,4,782.0391235351562,185.2024383544922,154.0078125,311.78070068359375,-1,-1,-1,-1
74,4,791.2289428710938,184.920654296875,151.389892578125,309.53704833984375,-1,-1,-1,-1
75,4,800.8308715820312,185.90440368652344,143.28375244140625,311.34735107421875,-1,-1,-1,-1
76,4,801.1083984375,185.8180694580078,142.89166259765625,311.65887451171875,-1,-1,-1,-1
77,4,807.358154296875,185.7969970703125,144.92596435546875,313.076416015625,-1,-1,-1,-1
78,4,813.3944702148438,187.54025268554688,150.89227294921875,314.03948974609375,-1,-1,-1,-1
79,4,821.3502807617188,188.97088623046875,153.6429443359375,309.80816650390625,-1,-1,-1,-1
80,4,822.9912109375,191.26614379882812,140.0032958984375,304.3109436035156,-1,-1,-1,-1
81,4,827.8922119140625,194.57952880859375,144.8067626953125,301.80224609375,-1,-1,-1,-1
82,4,827.7446899414062,194.75001525878906,145.2901611328125,301.77142333984375,-1,-1,-1,-1
83,4,830.0003662109375,196.7990264892578,173.6993408203125,304.21697998046875,-1,-1,-1,-1
84,4,835.6121215820312,200.62167358398438,175.33795166015625,310.3954162597656,-1,-1,-1,-1
85,4,831.1739501953125,202.94692993164062,178.5865478515625,309.2006530761719,-1,-1,-1,-1
86,4,826.4473876953125,206.4200897216797,179.5157470703125,303.5389404296875,-1,-1,-1,-1
87,4,821.6378784179688,212.38034057617188,180.7015380859375,300.1459655761719,-1,-1,-1,-1
88,4,821.6275634765625,212.59222412109375,180.706787109375,300.0458679199219,-1,-1,-1,-1
89,4,816.3765869140625,216.34877014160156,177.0521240234375,297.50543212890625,-1,-1,-1,-1
90,4,813.244140625,220.6551055908203,173.18792724609375,292.813720703125,-1,-1,-1,-1
91,4,809.078125,223.29161071777344,189.23626708984375,289.68072509765625,-1,-1,-1,-1
92,4,803.3755493164062,226.20571899414062,188.4107666015625,283.6452941894531,-1,-1,-1,-1
93,4,805.0526123046875,229.2487335205078,186.0848388671875,277.63665771484375,-1,-1,-1,-1
94,4,805.0404663085938,229.47317504882812,186.24822998046875,277.14068603515625,-1,-1,-1,-1
95,4,802.5648193359375,228.23016357421875,191.76123046875,272.7572021484375,-1,-1,-1,-1
96,4,795.9435424804688,226.8499755859375,182.0150146484375,268.51373291015625,-1,-1,-1,-1
97,4,792.2728881835938,224.5629425048828,178.042236328125,270.82513427734375,-1,-1,-1,-1
98,4,791.7758178710938,224.82534790039062,164.6065673828125,275.8667297363281,-1,-1,-1,-1
1,5,535.759765625,117.17555236816406,102.593505859375,263.3184814453125,-1,-1,-1,-1
2,5,529.7061157226562,118.51319885253906,109.491455078125,277.78472900390625,-1,-1,-1,-1
3,5,527.0533447265625,120.35961151123047,108.78955078125,270.2236328125,-1,-1,-1,-1
4,5,525.7011108398438,120.03623962402344,110.8651123046875,267.39215087890625,-1,-1,-1,-1
5,5,529.3782348632812,122.10331726074219,105.575927734375,263.231201171875,-1,-1,-1,-1
6,5,529.9993896484375,123.26385498046875,95.720947265625,257.94879150390625,-1,-1,-1,-1
7,5,527.414306640625,123.62054443359375,93.5350341796875,257.5859680175781,-1,-1,-1,-1
8,5,523.4270629882812,123.77667236328125,95.29840087890625,249.3740234375,-1,-1,-1,-1
9,5,522.2374877929688,123.13886260986328,103.2884521484375,252.71124267578125,-1,-1,-1,-1
10,5,522.125244140625,123.18600463867188,103.768310546875,252.44793701171875,-1,-1,-1,-1
11,5,519.3117065429688,123.18307495117188,114.231201171875,252.82403564453125,-1,-1,-1,-1
12,5,519.1580810546875,122.51795959472656,107.43719482421875,247.1537628173828,-1,-1,-1,-1
13,5,517.0503540039062,119.65401458740234,101.67120361328125,247.34814453125,-1,-1,-1,-1
14,5,499.9668273925781,116.85328674316406,98.86819458007812,252.3655548095703,-1,-1,-1,-1
15,5,484.8233947753906,114.68338012695312,109.88009643554688,264.13946533203125,-1,-1,-1,-1
16,5,483.4977111816406,114.67547607421875,111.80331420898438,264.7966613769531,-1,-1,-1,-1
17,5,490.91668701171875,114.18020629882812,104.82440185546875,271.3559265136719,-1,-1,-1,-1
18,5,480.3713684082031,113.43846130371094,113.29812622070312,267.0428466796875,-1,-1,-1,-1
19,5,444.12445068359375,113.63093566894531,148.46759033203125,274.72906494140625,-1,-1,-1,-1
20,5,417.89556884765625,114.50163269042969,167.4254150390625,273.90087890625,-1,-1,-1,-1
21,5,417.53790283203125,114.30721282958984,164.72100830078125,271.996337890625,-1,-1,-1,-1
22,5,418.9586486816406,114.29669952392578,162.51571655273438,272.1093444824219,-1,-1,-1,-1
23,5,422.34716796875,116.55957794189453,150.24066162109375,279.9107666015625,-1,-1,-1,-1
24,5,419.803466796875,117.44514465332031,148.19805908203125,277.1490478515625,-1,-1,-1,-1
25,5,412.78106689453125,118.74745178222656,139.92706298828125,281.06390380859375,-1,-1,-1,-1
26,5,424.0648498535156,121.21659851074219,119.75192260742188,266.9849853515625,-1,-1,-1,-1
27,5,412.9311218261719,121.65676879882812,126.64889526367188,270.31658935546875,-1,-1,-1,-1
28,5,411.99542236328125,121.62567901611328,127.8106689453125,270.5848388671875,-1,-1,-1,-1
29,5,411.01336669921875,122.27944946289062,126.58538818359375,245.91665649414062,-1,-1,-1,-1
30,5,406.1949462890625,120.66226196289062,131.084228515625,283.5052490234375,-1,-1,-1,-1
31,5,401.39849853515625,118.94515991210938,134.82049560546875,284.6592102050781,-1,-1,-1,-1
32,5,408.5396423339844,118.12529754638672,121.87265014648438,284.3548889160156,-1,-1,-1,-1
33,5,398.5593566894531,117.43456268310547,120.51651000976562,288.6441955566406,-1,-1,-1,-1
34,5,398.7139892578125,117.35302734375,119.830078125,288.7529602050781,-1,-1,-1,-1
35,5,409.04107666015625,119.24114227294922,104.3624267578125,274.19927978515625,-1,-1,-1,-1
36,5,415.38128662109375,119.56395721435547,114.256591796875,281.0037841796875,-1,-1,-1,-1
37,5,410.2341613769531,122.85150146484375,120.48812866210938,281.7381286621094,-1,-1,-1,-1
38,5,406.30047607421875,125.35419464111328,123.641357421875,281.1510314941406,-1,-1,-1,-1
39,5,401.43951416015625,126.48075103759766,118.35296630859375,278.0788269042969,-1,-1,-1,-1
40,5,401.8153991699219,126.36724090576172,117.57723999023438,278.49462890625,-1,-1,-1,-1
41,5,396.91314697265625,127.6346206665039,116.17587280273438,276.4675598144531,-1,-1,-1,-1
42,5,397.47674560546875,127.62664031982422,115.5657958984375,282.7132873535156,-1,-1,-1,-1
43,5,400.11859130859375,127.38127136230469,106.98593139648438,272.24176025390625,-1,-1,-1,-1
44,5,397.8742370605469,126.73458862304688,104.91244506835938,275.23248291015625,-1,-1,-1,-1
45,5,394.88037109375,124.39815521240234,104.402099609375,275.7843933105469,-1,-1,-1,-1
46,5,395.66058349609375,124.25851440429688,103.32281494140625,275.8598327636719,-1,-1,-1,-1
47,5,386.9078369140625,122.32994079589844,108.45123291015625,280.95489501953125,-1,-1,-1,-1
48,5,386.38653564453125,124.1690902709961,109.63214111328125,276.02508544921875,-1,-1,-1,-1
49,5,366.6396789550781,124.9713134765625,126.16107177734375,278.4520263671875,-1,-1,-1,-1
50,5,358.4479675292969,125.63101959228516,138.71820068359375,278.4307556152344,-1,-1,-1,-1
51,5,350.3096923828125,127.92185974121094,146.42425537109375,267.258544921875,-1,-1,-1,-1
52,5,345.391845703125,127.98100280761719,152.34652709960938,267.09765625,-1,-1,-1,-1
53,5,350.9258728027344,131.02732849121094,140.38034057617188,273.56951904296875,-1,-1,-1,-1
54,5,350.5160217285156,133.9783172607422,136.21676635742188,286.80560302734375,-1,-1,-1,-1
55,5,335.47698974609375,137.8783721923828,148.03012084960938,284.57666015625,-1,-1,-1,-1
56,5,347.3558349609375,141.17431640625,132.0511474609375,277.95989990234375,-1,-1,-1,-1
57,5,342.5526123046875,143.1537628173828,130.74151611328125,275.7559814453125,-1,-1,-1,-1
58,5,342.5146179199219,143.16787719726562,130.72808837890625,275.68994140625,-1,-1,-1,-1
59,5,342.11383056640625,143.49322509765625,133.39532470703125,276.761962890625,-1,-1,-1,-1
60,5,341.803466796875,144.1358184814453,134.88836669921875,280.0430908203125,-1,-1,-1,-1
61,5,352.27642822265625,144.51528930664062,125.25592041015625,258.857666015625,-1,-1,-1,-1
62,5,357.2872009277344,143.47447204589844,122.9278564453125,269.2213134765625,-1,-1,-1,-1
63,5,364.3697204589844,143.25924682617188,110.09262084960938,266.8612976074219,-1,-1,-1,-1
64,5,365.03424072265625,143.03704833984375,109.11514282226562,267.37554931640625,-1,-1,-1,-1
65,5,360.54254150390625,143.50628662109375,115.1046142578125,269.62347412109375,-1,-1,-1,-1
66,5,367.3830261230469,146.0839385986328,109.63082885742188,278.1817626953125,-1,-1,-1,-1
67,5,372.5118713378906,149.74154663085938,109.96224975585938,275.470703125,-1,-1,-1,-1
68,5,378.0377197265625,153.61827087402344,101.90899658203125,273.20672607421875,-1,-1,-1,-1
69,5,381.3468322753906,157.30380249023438,101.11312866210938,263.471435546875,-1,-1,-1,-1
70,5,380.8132629394531,157.30567932128906,101.47708129882812,263.0306396484375,-1,-1,-1,-1
71,5,386.46453857421875,158.59561157226562,103.99142456054688,275.74627685546875,-1,-1,-1,-1
72,5,387.4422607421875,161.9629364013672,95.2822265625,262.9931640625,-1,-1,-1,-1
73,5,383.321533203125,164.90756225585938,95.85931396484375,285.736572265625,-1,-1,-1,-1
74,5,379.96478271484375,167.10455322265625,103.67202758789062,294.212890625,-1,-1,-1,-1
75,5,376.7679748535156,169.39120483398438,113.5665283203125,291.6962890625,-1,-1,-1,-1
76,5,375.7364807128906,170.33180236816406,117.64633178710938,290.4759521484375,-1,-1,-1,-1
77,5,377.40435791015625,168.2568817138672,121.07452392578125,290.07513427734375,-1,-1,-1,-1
78,5,382.2791748046875,170.18467712402344,121.30557250976562,293.789794921875,-1,-1,-1,-1
79,5,386.90826416015625,169.09817504882812,111.82666015625,284.2831726074219,-1,-1,-1,-1
80,5,389.67626953125,169.5758819580078,102.08779907226562,297.3125,-1,-1,-1,-1
81,5,396.5961608886719,168.72972106933594,97.22201538085938,298.7510986328125,-1,-1,-1,-1
82,5,396.1822204589844,168.96876525878906,97.69174194335938,298.460693359375,-1,-1,-1,-1
83,5,385.8455505371094,169.96661376953125,78.4267578125,233.10833740234375,-1,-1,-1,-1
84,5,383.2139892578125,169.22979736328125,80.02960205078125,231.90008544921875,-1,-1,-1,-1
85,5,379.8598327636719,168.30267333984375,82.5091552734375,233.07992553710938,-1,-1,-1,-1
86,5,385.29974365234375,168.2932891845703,83.86239624023438,233.8309783935547,-1,-1,-1,-1
87,5,388.6686096191406,166.8291015625,79.04495239257812,236.14852905273438,-1,-1,-1,-1
88,5,389.14337158203125,166.8555145263672,77.80490112304688,236.03370666503906,-1,-1,-1,-1
89,5,391.52569580078125,165.34852600097656,82.2274169921875,241.41737365722656,-1,-1,-1,-1
90,5,390.99920654296875,165.6724853515625,82.18881225585938,263.4619140625,-1,-1,-1,-1
91,5,387.8394775390625,167.34751892089844,85.16543579101562,265.10333251953125,-1,-1,-1,-1
92,5,388.7638244628906,168.726806640625,86.12765502929688,263.43994140625,-1,-1,-1,-1
93,5,386.8242492675781,168.21029663085938,93.00454711914062,252.68707275390625,-1,-1,-1,-1
94,5,386.64886474609375,168.46209716796875,93.5384521484375,245.1451416015625,-1,-1,-1,-1
95,5,383.3592834472656,169.9063720703125,101.06536865234375,256.77264404296875,-1,-1,-1,-1
96,5,387.11444091796875,172.84571838378906,100.094970703125,244.1143341064453,-1,-1,-1,-1
97,5,384.05029296875,173.16065979003906,110.11355590820312,242.22486877441406,-1,-1,-1,-1
98,5,391.7047119140625,174.87998962402344,107.20758056640625,247.3975372314453,-1,-1,-1,-1
20,6,532.1163940429688,133.9347381591797,115.035888671875,247.10423278808594,-1,-1,-1,-1
21,6,532.2494506835938,132.70252990722656,107.16949462890625,252.07237243652344,-1,-1,-1,-1
22,6,532.66552734375,132.20196533203125,104.18927001953125,253.90692138671875,-1,-1,-1,-1
23,6,525.9491577148438,131.33396911621094,106.613525390625,256.05467224121094,-1,-1,-1,-1
24,6,513.7853393554688,134.60382080078125,108.20501708984375,241.4888916015625,-1,-1,-1,-1
25,6,518.218994140625,136.8129425048828,103.2764892578125,248.7792510986328,-1,-1,-1,-1
26,6,512.4221801757812,150.23837280273438,97.6990966796875,233.94314575195312,-1,-1,-1,-1
27,6,506.8058166503906,141.33566284179688,101.96511840820312,250.5526123046875,-1,-1,-1,-1
28,6,510.5036315917969,141.94039916992188,104.79354858398438,251.5245361328125,-1,-1,-1,-1
29,6,510.9510192871094,143.92274475097656,101.61178588867188,244.96018981933594,-1,-1,-1,-1
30,6,488.5976257324219,156.5160675048828,100.77914428710938,236.7204132080078,-1,-1,-1,-1
31,6,469.170166015625,160.27456665039062,118.15582275390625,241.06369018554688,-1,-1,-1,-1
32,6,461.5950927734375,162.04385375976562,117.17279052734375,252.05609130859375,-1,-1,-1,-1
33,6,458.9845886230469,164.8336181640625,115.18850708007812,273.6186828613281,-1,-1,-1,-1
34,6,458.78021240234375,165.24160766601562,116.52862548828125,281.2990417480469,-1,-1,-1,-1
35,6,466.2861022949219,159.04000854492188,109.56405639648438,285.341064453125,-1,-1,-1,-1
36,6,473.3582458496094,181.14053344726562,91.75302124023438,240.67959594726562,-1,-1,-1,-1
37,6,457.7129821777344,179.4337158203125,116.07376098632812,249.16949462890625,-1,-1,-1,-1
38,6,454.08843994140625,146.6871337890625,139.99969482421875,308.0287170410156,-1,-1,-1,-1
39,6,457.0325622558594,146.0143280029297,149.79281616210938,301.66815185546875,-1,-1,-1,-1
40,6,456.58453369140625,143.31585693359375,158.00799560546875,305.1059875488281,-1,-1,-1,-1
39,7,509.68768310546875,122.51071166992188,138.079833984375,303.4538269042969,-1,-1,-1,-1
40,7,511.5255126953125,122.40450286865234,136.4537353515625,302.4667663574219,-1,-1,-1,-1
41,7,514.60205078125,120.38500213623047,138.646484375,303.671142578125,-1,-1,-1,-1
42,7,509.3269958496094,126.84569549560547,145.68753051757812,297.96514892578125,-1,-1,-1,-1
43,7,512.1392517089844,126.03460693359375,137.91177368164062,284.622802734375,-1,-1,-1,-1
44,7,509.8555908203125,124.5102310180664,132.51123046875,281.3215026855469,-1,-1,-1,-1
45,7,508.190185546875,127.11077117919922,150.36834716796875,286.9897766113281,-1,-1,-1,-1
46,7,501.4223937988281,125.76781463623047,154.66842651367188,292.7501525878906,-1,-1,-1,-1
47,7,490.85650634765625,126.74198913574219,162.19964599609375,294.54278564453125,-1,-1,-1,-1
48,7,486.39947509765625,136.16708374023438,166.62628173828125,298.016357421875,-1,-1,-1,-1
49,8,517.212158203125,136.28961181640625,137.4132080078125,283.3490295410156,-1,-1,-1,-1
50,8,515.4456787109375,141.0634765625,136.3096923828125,277.41387939453125,-1,-1,-1,-1
51,8,515.7201538085938,140.38052368164062,136.04193115234375,269.6295471191406,-1,-1,-1,-1
52,8,516.3933715820312,140.1196746826172,135.31549072265625,269.03997802734375,-1,-1,-1,-1
53,8,516.0995483398438,140.17100524902344,134.75408935546875,269.24102783203125,-1,-1,-1,-1
54,8,514.8382568359375,138.88455200195312,130.6719970703125,277.93841552734375,-1,-1,-1,-1
55,8,507.5115661621094,138.5834197998047,136.46682739257812,279.575439453125,-1,-1,-1,-1
56,8,501.8421630859375,141.1947479248047,141.69561767578125,264.50018310546875,-1,-1,-1,-1
57,8,503.6404113769531,139.06900024414062,136.53329467773438,265.6527404785156,-1,-1,-1,-1
58,8,505.83367919921875,139.11767578125,134.66961669921875,265.7481994628906,-1,-1,-1,-1
59,8,505.6940612792969,142.94544982910156,118.44107055664062,261.83135986328125,-1,-1,-1,-1
60,8,525.09619140625,156.30776977539062,102.54864501953125,248.91287231445312,-1,-1,-1,-1
61,8,533.6351318359375,152.68341064453125,102.0948486328125,257.1248474121094,-1,-1,-1,-1
62,8,530.6420288085938,153.07186889648438,113.12548828125,257.91119384765625,-1,-1,-1,-1
63,8,539.753173828125,156.8519744873047,106.90838623046875,250.05885314941406,-1,-1,-1,-1
64,8,540.4351806640625,156.90151977539062,106.4136962890625,250.16629028320312,-1,-1,-1,-1
65,8,525.015869140625,153.74647521972656,124.14532470703125,274.709228515625,-1,-1,-1,-1
66,8,525.7630004882812,155.85653686523438,121.87615966796875,261.03369140625,-1,-1,-1,-1
67,8,530.6404418945312,157.9657745361328,120.20941162109375,253.6176300048828,-1,-1,-1,-1
68,8,533.6119384765625,159.18821716308594,116.7607421875,251.74058532714844,-1,-1,-1,-1
69,8,537.6844482421875,160.03736877441406,111.17315673828125,250.7899932861328,-1,-1,-1,-1
70,8,537.9165649414062,159.9929962158203,110.81866455078125,250.7953643798828,-1,-1,-1,-1
71,8,537.865966796875,159.51434326171875,113.25994873046875,277.5193176269531,-1,-1,-1,-1
72,8,539.6451416015625,159.8354034423828,108.965576171875,267.92022705078125,-1,-1,-1,-1
73,8,539.359619140625,161.44207763671875,105.697021484375,272.9162292480469,-1,-1,-1,-1
74,8,540.2260131835938,163.30560302734375,100.20220947265625,272.04779052734375,-1,-1,-1,-1
75,8,541.1015625,163.4468994140625,98.84088134765625,267.75164794921875,-1,-1,-1,-1
76,8,541.0333251953125,163.4705047607422,98.9501953125,267.0892333984375,-1,-1,-1,-1
77,8,540.2938842773438,163.50784301757812,96.44866943359375,265.14990234375,-1,-1,-1,-1
78,8,541.2763671875,167.59814453125,94.8648681640625,270.53802490234375,-1,-1,-1,-1
79,8,539.6753540039062,163.4627685546875,99.01080322265625,283.58447265625,-1,-1,-1,-1
80,8,535.3063354492188,164.63064575195312,102.68804931640625,291.9541320800781,-1,-1,-1,-1
81,8,532.0594482421875,160.13140869140625,103.0888671875,291.424560546875,-1,-1,-1,-1
82,8,531.94384765625,159.92239379882812,103.414794921875,291.1510925292969,-1,-1,-1,-1
83,8,530.4937133789062,167.30368041992188,96.5855712890625,274.76544189453125,-1,-1,-1,-1
84,8,529.9507446289062,174.53756713867188,96.03826904296875,272.3493347167969,-1,-1,-1,-1
85,8,527.79345703125,175.4386749267578,91.4095458984375,237.37913513183594,-1,-1,-1,-1
86,8,523.8104248046875,174.99217224121094,99.33880615234375,271.30328369140625,-1,-1,-1,-1
87,8,525.03271484375,176.14743041992188,99.90838623046875,275.917236328125,-1,-1,-1,-1
88,8,525.194091796875,176.2073516845703,99.71478271484375,276.0682373046875,-1,-1,-1,-1
89,8,524.3980102539062,176.08139038085938,97.69488525390625,272.8054504394531,-1,-1,-1,-1
90,8,517.1464233398438,175.9605712890625,101.3079833984375,271.8091735839844,-1,-1,-1,-1
91,8,516.029296875,176.65858459472656,100.273681640625,244.69654846191406,-1,-1,-1,-1
92,8,509.212158203125,176.29725646972656,105.9102783203125,254.9209747314453,-1,-1,-1,-1
93,8,506.17755126953125,175.957275390625,132.9459228515625,257.4169616699219,-1,-1,-1,-1
94,8,504.94073486328125,176.2169952392578,135.40313720703125,256.8841094970703,-1,-1,-1,-1
95,8,505.51971435546875,177.39988708496094,142.5401611328125,253.9165496826172,-1,-1,-1,-1
96,8,507.2859802246094,177.63345336914062,145.91421508789062,282.7446594238281,-1,-1,-1,-1
97,8,510.1282653808594,179.9119873046875,146.61026000976562,274.79827880859375,-1,-1,-1,-1
98,8,515.6607666015625,182.75587463378906,133.37054443359375,265.2481689453125,-1,-1,-1,-1
62,9,321.71661376953125,163.6849822998047,116.77584838867188,239.7018585205078,-1,-1,-1,-1
63,9,319.6796875,166.404541015625,113.98797607421875,230.60760498046875,-1,-1,-1,-1
64,9,319.5148620605469,165.75869750976562,115.47866821289062,231.92861938476562,-1,-1,-1,-1
65,9,313.6328430175781,168.32247924804688,120.43331909179688,232.0638427734375,-1,-1,-1,-1
66,9,344.0971984863281,169.12413024902344,91.4019775390625,220.66587829589844,-1,-1,-1,-1
67,9,348.76385498046875,170.39715576171875,87.41839599609375,221.64190673828125,-1,-1,-1,-1
68,9,352.5104675292969,172.220703125,81.27902221679688,220.27801513671875,-1,-1,-1,-1
69,9,353.0873718261719,174.1403350830078,79.91998291015625,219.5629119873047,-1,-1,-1,-1
70,9,352.6533203125,174.1431427001953,80.59808349609375,219.65660095214844,-1,-1,-1,-1
71,9,352.72894287109375,174.20852661132812,84.04092407226562,220.33721923828125,-1,-1,-1,-1
72,9,350.341796875,173.0838623046875,84.734619140625,220.37710571289062,-1,-1,-1,-1
73,9,350.5513610839844,173.32223510742188,86.03530883789062,221.62078857421875,-1,-1,-1,-1
74,9,349.00048828125,174.3100128173828,86.367431640625,222.78627014160156,-1,-1,-1,-1
75,9,349.1724548339844,174.11203002929688,86.24740600585938,220.49484252929688,-1,-1,-1,-1
76,9,349.2366638183594,174.2296600341797,85.99298095703125,218.7425079345703,-1,-1,-1,-1
77,9,347.8149108886719,173.92893981933594,83.40188598632812,214.09156799316406,-1,-1,-1,-1
78,9,347.57232666015625,177.57518005371094,81.398193359375,209.80848693847656,-1,-1,-1,-1
79,9,351.0435791015625,166.2502899169922,75.5206298828125,231.35935974121094,-1,-1,-1,-1
80,9,347.7689514160156,162.1630096435547,79.77786254882812,235.7457733154297,-1,-1,-1,-1
81,9,347.552001953125,163.5226287841797,81.47052001953125,235.11109924316406,-1,-1,-1,-1
82,9,347.4474792480469,163.721923828125,81.42779541015625,234.99945068359375,-1,-1,-1,-1
83,9,351.80364990234375,171.2721710205078,81.42379760742188,226.0774688720703,-1,-1,-1,-1
84,9,349.16156005859375,173.92782592773438,77.99102783203125,222.93203735351562,-1,-1,-1,-1
85,9,347.02325439453125,179.2542724609375,74.58642578125,215.35873413085938,-1,-1,-1,-1
86,9,345.12799072265625,185.50405883789062,75.22998046875,207.18212890625,-1,-1,-1,-1
87,9,348.0882568359375,185.55873107910156,74.76455688476562,205.6628875732422,-1,-1,-1,-1
88,9,348.5865478515625,185.50567626953125,73.55715942382812,205.82931518554688,-1,-1,-1,-1
89,9,352.71697998046875,188.00411987304688,65.55239868164062,188.96878051757812,-1,-1,-1,-1
90,9,356.8311767578125,190.35006713867188,60.401641845703125,177.7994384765625,-1,-1,-1,-1
91,9,362.00726318359375,189.5432586669922,60.9141845703125,178.4647979736328,-1,-1,-1,-1
92,9,365.6057434082031,190.87083435058594,60.829803466796875,185.4026336669922,-1,-1,-1,-1
93,9,365.1578369140625,190.64926147460938,69.70620727539062,197.98062133789062,-1,-1,-1,-1
94,9,364.726806640625,190.26800537109375,71.62445068359375,202.66000366210938,-1,-1,-1,-1
95,9,366.18829345703125,191.1798858642578,76.62384033203125,212.4854278564453,-1,-1,-1,-1
96,9,368.6104431152344,192.0180206298828,76.68954467773438,214.29310607910156,-1,-1,-1,-1
97,9,376.67694091796875,192.5763702392578,75.55718994140625,207.86997985839844,-1,-1,-1,-1
98,9,379.2994384765625,195.16537475585938,76.22308349609375,206.71820068359375,-1,-1,-1,-1
